[185.955 205.469 425.604] 5.23438 3.75487 8.63533 2 4 2
[206.182 203.232 405.333] 6.3559 4.46193 21.1912 6 563 592 591 654 655 691
[163.553 217.606 371.275] 9.43714 8.89199 56.1185 20 3048 3043 3044 3162 3161 3166 2617 2736 2737 2739 2740 2932 49076 49080 49078 49075 49081 49079 49082 49077
[157.978 222.51 367.738] 10.919 7.73206 45.7502 9 3394 3395 3391 3499 3503 3746 3745 3860 3984
[289.536 135.884 247.164] 7.576 6.4546 30.8833 6 14789 14791 14846 14899 15072 15075
[283.382 132.301 241.212] 8.36107 6.89941 40.4411 9 15335 15397 15398 15400 15450 15018 15074 15136 15275
[297.623 149.744 207.055] 13.8976 10.7934 143.656 26 18174 18252 18254 17178 17173 17169 17170 17176 17271 17272 17270 17451 17453 17553 17555 17552 17554 17701 17702 17703 17785 17864 17933 18009 18014 18097
[283.102 144.096 205.885] 12.858 8.96499 83.0082 24 18170 18181 18178 18182 18177 18335 18342 18344 18346 18347 18420 18419 18485 18486 18483 18546 18545 18542 18609 18693 51768 51769 51771 18107
[274.409 144.539 121.96] 11.8741 7.61206 82.7011 17 33054 33251 33444 33816 33826 33823 33836 34190 34199 34201 34390 34391 34403 34392 34607 34608 34605
[97.408 141.49 47.1317] 12.3472 10.9879 100.001 12 45774 45886 45887 45891 45900 45897 45973 46058 48952 48950 48951 48961
[120.812 159.79 24.3679] 7.83698 4.33128 22.1707 5 47548 47638 47701 47808 47807
[77.4761 178.404 171.976] 6.77009 3.20789 37.8948 6 22367 22371 22370 22515 48945 48944
[77.627 175.116 165.497] 5.21288 5.10368 15.6793 6 23380 23525 23679 23682 48938 48949
[94.8055 137.74 46.4424] 12.0597 3.0725 23.3462 6 45893 45894 45979 46066 48960 48959
