[187.544 87.2889 370.52] 7.22199 5.71783 32.6705 9 680 705 727 751 752 767 770 768 769
[255.592 225.532 333.419] 4.41169 3.37791 9.55348 5 5732 5989 6211 6430 6433
[284.501 233.956 302.481] 4.23886 3.15945 9.72175 6 12658 12846 12843 13059 13060 13058
[226.995 204.72 269.071] 6.31528 4.74994 17.6084 6 21145 21143 21310 21459 21464 21461
[229.693 234.207 264.687] 6.15583 3.95037 17.9913 6 22244 22243 22245 22394 22395 22568
[250.091 203.925 227.706] 6.86056 6.09246 23.4794 6 30737 30940 31141 31369 31575 31578
[252.975 153.588 225.904] 6.89122 4.43579 20.8601 6 31068 31498 31491 31492 31730 31727
[317.335 155.67 196.049] 6.77376 4.53109 20.4285 5 40308 40314 40309 40593 40591
[243.129 184.574 179.556] 6.52346 3.80127 14.2397 5 45797 45795 46100 46095 46101
[310.876 157.409 173.247] 8.65752 5.02742 22.1146 5 48184 48187 48439 48446 48741
[277.252 307.962 168.509] 6.66074 4.23464 19.0384 7 49869 50113 50116 50118 50415 50727 50729
[141.704 307.683 161.429] 6.06196 2.83005 8.29622 5 52416 52419 53114 53116 53119
[109.293 198.755 155.592] 7.60292 3.8519 14.4648 6 54742 55074 55788 55791 80617 80618
[262.55 292.007 149.883] 5.06053 2.2544 8.74422 4 57472 57757 57752 58015
[135.52 302.633 113.837] 2.39359 1.14655 6.69938 3 67729 67733 67731
[283.981 157.109 102.619] 9.84444 4.24201 21.7356 7 69474 69475 69590 69699 69700 69697 79464
[255.501 223.111 58.5347] 5.84635 4.36532 15.7462 5 74591 74757 74842 74923 74925
