[204.606 190.555 25.8485] 8.412 5.48261 24.3482 8 84978 61 27 33 41 40 64 32
[183.386 168.046 35.8657] 8.29726 6.52231 47.0041 9 446 448 453 451 450 417 418 364 416
[206.187 170.272 58.6058] 11.093 7.6896 80.0231 21 1219 1229 1221 1223 1222 1220 1227 1231 1274 1272 1308 1309 1315 1310 1325 1314 1346 1351 1350 1379 1378
[207.979 161.986 81.1911] 7.99621 5.51889 21.9002 6 2655 2654 2739 2741 2907 2990
[208.563 160.974 88.573] 12.3007 8.6963 85.5075 21 3529 3531 3523 3702 3696 3700 3707 3705 3701 3088 3090 3089 2822 2992 2995 3212 3207 3205 3213 3367 3368
[252.138 243.996 127.529] 5.16331 4.01891 11.2427 4 13404 13903 12928 12924
[105.161 292.434 141.421] 7.39289 3.43579 21.2115 7 16816 17436 17824 17821 17026 17231 17227
[147.976 252.653 153.309] 5.77639 5.32761 14.9701 4 19590 19813 20024 20026
[176.242 295.458 153.171] 5.1699 4.3854 15.7194 5 20367 20362 19691 20128 20127
[76.6896 279.979 182.99] 7.42668 4.20722 22.1533 6 28095 28369 28377 28376 28893 28616
[144.45 278.273 184.597] 6.57168 3.80405 9.82428 6 28894 29130 86010 86013 86011 86014
[270.618 253.284 202.609] 6.65022 4.36395 16.2021 5 34643 34640 34648 34871 34879
[265.324 231.918 266.127] 4.56866 4.34257 10.4521 4 58685 58684 59004 58396
[162.205 210.536 267.306] 6.34945 4.4189 16.2943 5 58611 58608 58610 59214 59219
[114.435 212.762 270.994] 5.19865 3.58206 12.2286 5 60213 60207 60218 60566 60567
[30.5403 210.944 279.82] 6.25437 3.27382 19.1381 5 64473 64802 64813 63771 64100
[29.3616 214.098 278.638] 8.02618 5.99182 21.3982 6 64482 64489 64481 63781 64120 64128
[40.8697 197.795 301.416] 6.9517 4.21656 19.2067 6 70791 70790 70972 71134 71140 71304
[62.9691 181.45 345.221] 6.38966 4.03422 19.7167 5 78532 78531 78704 78702 78807
[112.812 222.706 353.49] 5.26833 5.10458 13.2946 6 79627 79629 79712 79714 79715 79833
[57.9717 217.111 354.881] 5.74481 3.70801 12.7353 5 79820 79821 79931 80051 80055
[114.131 224.432 354.679] 6.01407 4.43578 14.9124 5 79947 79835 79843 79839 79836
[118.92 225.303 354.898] 6.37853 3.08885 14.4261 4 79957 79950 79838 79837
[99.4633 215.132 355.61] 5.29848 2.50423 9.25295 4 79923 79924 79922 80039
[69.6646 199.625 356.434] 6.18862 3.97908 11.216 7 80005 80008 80009 80012 80115 80119 80123
[82.1919 214.779 360.12] 6.67399 5.31642 29.2556 10 80255 80264 80394 80382 80383 80384 80471 80557 80690 80827
[106.353 228.912 360.374] 5.72676 2.8745 13.5567 6 80410 80606 80605 80608 80748 80750
[120.686 231.571 360.145] 6.32261 4.04457 16.2558 5 80617 80627 80626 80621 80762
[111.454 234.061 362.17] 7.56354 3.10098 18.2982 5 80774 80892 80899 80898 80907
[116.867 236.392 362.095] 5.12648 2.23315 16.8498 6 80782 80778 80904 80916 80912 80911
[116.075 216.324 365.323] 6.88248 2.38998 8.92175 7 87152 81126 81138 81136 81215 81213 81214
[106.75 291.421 377.491] 4.32067 3.54453 7.94122 4 81902 81901 81982 81983
[121.164 270.694 389.578] 7.12913 4.9614 26.0706 6 82877 82870 82942 82717 82718 82726
[107.196 260.23 390.233] 6.21278 4.24997 14.7822 5 82778 82777 82855 82705 82706
[195.064 192.829 31.736] 3.53793 3.08589 4.07474 5 316 85006 85007 85003 85005
[87.2929 206.692 349.471] 3.86666 2.21935 2.39726 5 87090 87092 87093 87091 79105
[312.165 241.577 239.057] 2.78238 2.6438 3.31906 5 88685 88688 88686 88684 47953
[174.762 298.904 129.356] 5.66706 2.4764 5.18697 5 89083 89081 89082 13806 14661
