[172.125 138.609 398.073] 6.49406 3.24918 5.72102 3 129 128 75
[175.82 142.966 397.633] 6.53271 1.85315 2.88327 6 132 136 135 134 71311 71319
[167.783 146.146 397.174] 6.27205 5.44465 19.399 5 109 108 148 142 175
[166.003 137.523 393.438] 9.60245 6.23681 35.3148 6 343 190 191 249 273 310
[198.899 120.603 345.513] 10.2921 7.43505 54.4759 16 4003 4006 3720 3719 3717 3799 3800 3801 3802 3894 3896 4119 4118 4121 4229 4230
[224.512 201.198 343.48] 9.09997 8.16832 49.2935 11 3861 3948 3955 4073 4174 4177 4180 4179 4285 4282 4284
[197.518 120.629 342.4] 6.45199 5.074 14.0999 4 4231 4232 4436 4541
[193.589 135.756 340.411] 7.9231 7.69794 44.3173 11 4645 4646 4656 4648 4655 4654 4651 4741 4747 4863 4862
[241.951 203.206 333.794] 11.2512 9.03691 99.1578 28 4684 4683 4680 4682 4785 4783 4787 4893 4891 4989 5103 5104 5099 5216 5219 5375 5376 5373 5374 5504 5505 5506 5507 5508 5651 5658 5657 5653
[167.609 116.269 334.06] 7.0061 5.14913 17.2497 6 5261 5419 5557 71494 71495 71492
[200.368 163.141 303.775] 4.70203 3.5641 9.6867 4 11757 11760 12113 12116
[219.448 215.881 283.029] 6.84657 4.49536 23.4839 7 17782 17784 17986 17991 17993 18204 18213
[218.01 212.967 281.577] 6.90163 5.00888 19.4485 6 17778 17983 18196 18197 18429 18428
[214.356 216.402 260.253] 7.22203 3.87694 16.0889 6 23148 23348 23546 23776 23777 23775
[285.184 150.054 160.186] 7.24873 5.68123 18.0128 5 42896 43069 43065 43066 43070
[111.474 196.922 141.466] 5.79584 3.93453 16.4733 6 47287 47457 47456 47622 47811 47812
[212.428 216.554 135.037] 6.09303 3.15003 9.41096 4 49114 49326 49325 49527
[225.7 218.252 132.229] 5.33416 5.20057 22.2378 7 49531 49532 49712 49905 50107 50102 50344
[183.061 240.028 131.561] 6.57503 4.77375 20.8403 6 50181 50405 50411 50417 50621 50633
[275.124 144.154 102.683] 6.04546 5.88649 24.0791 8 57113 57362 57361 57564 57562 57792 57791 72724
[203.701 226.144 86.194] 2.87155 1.68609 2.38373 3 61511 61719 61933
[199.77 268.169 79.7756] 5.99216 4.16026 16.0421 6 63493 63491 63731 63730 63723 64174
[270.258 177.14 44.3165] 7.50731 5.464 25.7283 6 69728 69825 69916 69997 70084 70181
[176.812 143.555 398.755] 3.37232 3.09629 4.66122 5 84 83 71310 71312 71309
