[210.833 236.164 119.668] 9.1114 6.7155 35.0357 13 1977 1978 2042 2045 2082 2081 2085 2124 2164 2159 2218 2266 2326
[207.764 238.808 120.369] 5.38882 3.42766 14.5835 5 2262 2321 2318 2319 2322
[121.05 159.5 247.857] 4.73305 4.6528 14.9747 4 14703 14793 14876 14877
[114.524 171.148 249.32] 6.96303 6.5497 25.2643 7 14964 15068 15262 15259 44237 44238 44236
[112.424 168.042 253.092] 8.96386 6.99682 30.6249 10 15377 15478 15588 15591 15686 15784 44229 44233 44232 44231
[331.624 211.264 337.222] 8.11392 6.02595 23.3416 5 28003 28177 28372 28547 28548
[296.43 211.859 340.227] 5.39255 3.69717 9.77121 4 28946 29133 29321 29517
[145.653 184.865 344.283] 5.656 5.41773 16.2909 6 29892 29893 29887 30039 30231 30230
[298.46 215.454 349.975] 5.60112 4.0905 10.5118 4 31035 31043 31201 31349
[326.157 150.297 410.89] 8.86929 6.47813 27.786 5 39627 39696 39760 39761 39905
[295.317 213.245 339.113] 4.41152 3.74803 7.64115 4 41375 41376 41374 41377
