[218.965 193.795 397.127] 7.33226 2.7955 13.48 4 1981 1980 2028 2098
[226.719 191.218 396.102] 6.09884 4.13251 16.395 5 2024 2022 2023 2097 2144
[217.111 190.079 395.269] 8.35695 5.68989 20.1793 4 2019 2145 2143 2190
[225.169 190.465 385.117] 8.0019 4.43755 28.1885 7 2538 2599 2602 2656 2727 2815 2817
[224.026 200.748 384.905] 10.8774 10.0915 58.7778 7 2743 2824 2823 2831 2833 2829 2834
[245.402 244.062 360.08] 14.5243 10.6618 216.559 40 3756 3757 3760 3761 3850 3846 3918 3921 3923 4004 4008 4006 4003 4120 4116 4117 4234 4237 4238 4347 4353 4471 4476 4475 4576 4581 4687 4693 4694 4838 4832 4840 4937 4936 4939 4931 4932 4933 4940 4943
[237.311 269.579 348.592] 2.62638 0.974099 1.80042 4 6662 6661 44082 44084
[229.921 276.143 301.852] 6.76677 5.37391 16.9091 7 11589 11670 11687 11682 11686 44823 44824
[140.956 147.948 205.198] 7.09636 5.14927 20.2746 5 21924 21930 22102 22100 22183
[316.709 219.889 136.72] 7.499 3.99989 19.5569 6 34743 34876 34877 34879 34880 35026
[281.956 242.563 85.4178] 5.97556 5.64088 20.1325 5 41344 41343 41405 41486 41561
