[169.354 146.902 351.213] 10.077 5.97482 29.8125 7 243 248 249 240 246 244 247
[177.373 172.48 304.448] 5.88479 5.84793 21.5309 5 1865 1867 1956 1960 1957
[165.657 172.6 297.095] 9.03216 7.81535 59.9236 16 2456 2457 2455 2558 2562 2670 2674 2676 2787 2788 2790 2891 2890 2886 2889 3217
[168.112 168.008 298.818] 5.4145 4.00957 13.2847 6 2447 2450 2549 2556 2666 2664
[180.804 137.166 280.968] 7.4333 7.21254 21.2925 7 5079 5238 5245 5406 5407 5412 51383
[153.94 122.621 270.494] 3.07027 1.17952 4.03385 3 7548 7546 8018
[310.274 217.781 228.664] 8.64182 3.67216 15.8294 6 15199 15204 15351 15470 15471 53009
[87.3094 239.879 204.64] 6.4861 6.23411 26.3421 6 19715 19865 20012 20013 20189 20365
[111.025 249.926 207.718] 6.79523 5.50579 20.7476 5 18980 19354 19356 19730 19880
[213.781 268.321 197.291] 6.95051 5.88782 38.2834 9 21303 21304 21463 21466 21464 21628 21630 21629 21755
[214.803 268.404 193.588] 4.78306 4.13574 12.9236 4 21906 21909 21907 22080
[323.288 264.665 138.388] 4.30196 3.95928 8.30433 4 33773 34197 34379 34555
[168.579 306.786 133.315] 6.95229 5.32183 25.3611 7 34820 34825 35194 35189 35570 35577 35571
