[161.574 103.902 285.121] 4.45702 3.88354 7.26972 5 1309 1311 1344 1346 1347
[163.954 106.485 278.397] 9.42472 7.86395 55.5319 15 1460 1494 1539 1537 1538 1567 1569 1606 1604 1647 1650 1649 1716 1719 1718
[133.26 194.222 227.969] 4.99123 4.59322 13.2192 5 7754 7753 7837 7968 7972
[96.1836 171.631 154.375] 7.24076 5.97972 16.1683 10 20357 20354 20356 20864 20861 21201 56520 56517 56518 56515
[117.381 236.967 146.094] 6.74147 5.39403 14.9776 5 22195 22192 22384 22381 22387
[43.2748 184.269 142.497] 7.43103 4.15923 20.769 7 22636 22802 22806 22805 22807 22942 22943
[114.407 217.272 134.576] 5.52197 3.77607 13.5252 6 24295 24712 24506 24507 24509 24505
[62.7107 196.081 113.403] 3.77571 3.01187 8.34767 4 30320 30317 30583 30588
[65.4328 231.659 97.627] 5.65177 4.29801 17.1198 6 35070 35069 35317 35322 35543 35542
[68.3854 221.853 77.7093] 6.57812 5.40799 29.083 10 41209 41210 41463 41467 41741 42015 42286 42585 42587 42586
[248.682 219.688 72.0281] 5.96544 5.15544 12.6455 5 43544 43774 43778 43777 43994
