[184.704 109.696 340.296] 8.47507 6.14433 43.9514 10 183 204 229 230 262 264 259 258 257 263
[200.482 103.273 313.234] 8.26773 5.37918 24.8631 5 1732 1826 1827 1828 1830
[189.628 115.181 300.703] 6.57085 3.52995 15.4504 6 3225 3227 3233 3231 3228 3230
[187.175 116.364 296.128] 8.18677 6.35771 50.2492 15 3224 3353 3351 3430 3431 3531 3527 3621 3620 3713 3714 3710 3711 3715 3717
[192.385 118.431 295.022] 7.55636 5.2167 26.6249 9 3804 3801 3802 3807 3800 3806 3896 4034 4035
[188.226 115.651 293.653] 5.55035 4.86924 13.9137 5 4191 3805 3963 3966 4031
[177.137 296.893 204.751] 7.68343 4.52303 22.8095 7 13203 13204 13021 13638 14080 14081 12850
[148.151 254.729 190.834] 5.98093 4.51576 17.9436 5 16574 16573 16749 17068 17236
[152.615 256.306 182.631] 4.65246 3.13934 5.40091 3 18551 18550 18998
[236.646 273.652 161.572] 5.65754 4.17269 16.2556 5 23611 23797 23998 24213 24221
[283.455 250.463 156.66] 6.46111 2.74411 12.4031 5 25495 25491 25499 25683 25283
[127.161 256.818 150.555] 4.57442 3.33693 11.6787 5 26624 26834 26835 26829 26833
[139.664 248.462 144.47] 8.51536 5.81702 27.71 5 28098 28292 28291 28501 28677
[193.052 118.219 299.924] 5.66344 4.69618 20.3649 8 3236 3240 3241 3244 3534 45834 45832 45833
[180.474 108.59 342.595] 4.2504 2.61927 3.00505 5 137 265 45865 45863 45864
