[205.902 200.944 358.038] 8.22712 4.18063 20.0456 5 1999 1659 1706 1932 1931
[168.738 161.198 348.519] 8.85975 3.98046 20.4413 7 2407 2408 2476 2480 2479 2534 2536
[187.174 201.95 347.184] 4.62512 2.98558 7.91731 4 2623 2624 2618 2697
[210.518 162.292 332.144] 11.2525 8.20741 64.5495 19 3639 3723 3720 3719 3722 3817 3884 3980 3981 3982 4062 4061 4165 4166 4164 4282 4398 4397 4496
[243.993 263.934 331.841] 5.44083 4.70598 17.6931 9 3952 4029 4030 4032 4248 4250 4247 4366 4365
[199.021 181.118 329.966] 8.24804 5.34731 32.0179 8 4527 4535 4534 4531 4633 4632 4756 4759
[250.162 267.021 324.44] 6.45513 4.63351 14.4967 6 5347 5345 5346 5349 5675 66457
[243.444 266.624 318.02] 10.9411 5.37861 32.6268 9 5673 6000 6001 6198 6632 6843 7047 7045 7214
[246.404 267.347 316.482] 8.95537 5.81875 33.2262 6 6635 6844 7218 7212 7557 7559
[211.137 218.955 301.203] 7.62117 5.30085 23.12 9 9619 9618 9748 9884 10020 10024 10152 10151 10150
[212.896 215.368 299.053] 4.71909 4.70428 11.936 5 10145 10148 10431 10432 10435
[213.786 212.26 295.973] 9.7106 4.52086 29.9925 12 10014 10140 10274 10278 10712 10713 10853 10855 11009 11158 11161 11160
[227.686 228.589 291.506] 6.30886 4.2744 16.3125 8 11653 11654 11655 11812 11997 11993 66260 66261
[276.241 231.015 292.138] 8.57043 2.63746 14.6804 6 11517 11516 11508 11647 11660 11650
[225.796 241.801 291.046] 8.3891 5.45693 33.1319 9 11676 11677 11835 11840 11844 11843 12026 12033 12196
[117.858 238.362 228.567] 8.54697 4.86552 20.1285 6 23714 23883 23886 24193 24512 68307
[241.787 222.578 166.589] 6.00539 4.21143 20.0621 7 37092 37088 37093 67659 67660 67663 67662
[164.8 238.458 127.627] 5.98374 3.62116 14.1015 8 45816 46055 46056 46279 46283 67891 67895 67894
[162.88 250.049 120.952] 6.34936 4.02392 15.0542 6 47634 47884 47886 47879 47882 48099
[287.115 247.72 87.761] 6.34687 5.94452 19.6141 6 56281 56476 56481 56477 56485 56484
[327.772 141.848 56.3225] 5.02268 4.73767 17.6892 7 62782 62778 62879 62882 62878 62880 62881
[338.26 165.574 41.5994] 5.6247 5.39418 17.3302 6 64102 64215 64217 64272 64273 64387
[330.532 174.723 30.1883] 4.93339 4.51866 11.4066 5 65018 65019 65085 65087 65140
