[192.512 237.218 399.838] 6.31869 5.03765 20.3132 6 169 183 186 197 219 221
[187.436 233.613 390.49] 11.0194 6.00582 101.358 24 448 458 451 452 457 446 447 456 445 453 454 455 298 340 342 346 345 348 352 349 350 354 409 412
[187.396 241.196 390.905] 7.48544 2.60841 8.00437 2 376 402
[181.272 229.741 354.44] 10.1144 5.98239 40.585 11 2177 2174 2176 1985 1982 1990 1989 1986 1984 2060 2059
[188.909 227.346 352.551] 7.6051 4.50785 22.64 6 2179 2178 2062 2061 2246 2250
[78.7319 190.777 219.083] 5.81925 4.7705 16.9416 6 10541 10542 10667 10671 10670 10673
[81.9895 156.497 198.562] 7.50076 5.3246 21.3605 6 13813 13820 13817 14072 14198 14352
[64.1192 216.342 160.709] 5.64695 5.64495 23.071 7 19724 19727 19728 19722 19830 19832 19829
[84.894 180.669 79.8741] 7.08063 5.8759 21.0981 7 33173 33174 33338 33483 33482 33635 33636
[239.636 197.206 79.2905] 13.0314 10.5338 107.777 20 33436 33437 33444 33434 33435 33604 33592 33590 33763 33768 33765 33938 34091 34099 34413 34406 34586 34728 34898 34899
[236.454 198.364 76.0026] 5.41009 3.38008 10.3802 4 34082 34238 34393 34402
[237.581 199.794 73.134] 5.57039 3.79532 13.9417 5 34560 34564 34873 35061 35062
[109.887 212.11 60.5428] 5.87943 4.09261 19.0393 6 36795 36916 36917 37029 37028 37030
[102.041 226.748 56.3717] 7.50253 4.34801 21.8061 5 37251 37353 37551 37655 37656
[129.427 213.524 43.0537] 5.33092 4.67374 11.277 4 39014 39090 39223 39224
[106.191 218.603 30.8016] 7.05496 4.10964 20.0755 6 39772 39773 39769 39867 39863 39906
