[163.975 193.838 371.663] 12.8854 9.55019 51.5343 11 39 37 38 51 54 70 68 71 72 65 49850
[163.232 178.06 339.685] 10.6697 6.33877 33.2292 8 1373 1376 1375 1534 1538 1539 1609 1643
[161.55 180.446 319.392] 11.2435 9.31091 84.9638 27 2277 2275 2274 2313 2314 2359 2355 2356 2354 2403 2404 2398 2451 2453 2454 2456 2461 2470 2465 2466 2468 2476 2474 2475 2473 49986 49984
[165.788 182.488 320.487] 8.623 6.11591 21.4952 6 2261 2289 2318 2319 2402 49996
[82.9691 251.301 227.371] 6.61842 6.32074 24.5833 14 8813 8919 8914 8915 9134 9135 9133 52107 52108 52110 52112 52114 52113 52115
[89.1891 247.856 203.158] 8.71749 6.94309 39.3443 10 12601 12604 12727 12731 12730 12728 12858 13005 13002 13140
[70.0692 231.832 179.632] 5.47755 3.49946 10.5459 5 15737 15738 15742 15746 15747
[251.747 165.825 126.162] 6.82968 3.8302 20.8898 7 24450 24451 24455 24454 24458 24626 24628
[77.8975 180.452 106.954] 5.96851 2.30786 11.4083 5 28622 28623 28620 28889 28895
[248.712 172.428 94.1689] 8.8501 5.82427 31.1573 9 32355 32361 32637 32638 32643 32644 33211 34266 34264
[66.1864 245.691 88.9683] 7.11743 6.35614 20.5051 9 34372 34610 34864 35117 35598 35599 51660 51658 51661
[257.726 263.568 82.5779] 3.81945 1.37213 2.64292 3 37067 37324 37336
[58.0489 211.956 82.0814] 5.06168 4.10218 11.8123 5 37205 37208 37445 37444 37446
[254.738 262.073 80.7599] 4.27054 2.62246 7.54158 4 37325 37556 37815 38076
[259.148 261.986 79.9718] 6.06189 1.97126 13.4229 7 37552 37811 37814 38075 38067 38305 38538
[57.2758 206.737 79.2681] 5.36039 3.17824 11.2623 5 37953 37951 38188 38187 38190
[226.224 228.598 37.5552] 5.98143 4.79559 13.9463 5 45745 45747 46041 46037 46130
[218.694 232.243 32.7723] 10.9833 6.19721 60.8975 17 46311 46309 46313 46312 46315 46316 46317 46391 46387 46461 46462 46548 46551 46552 46846 46944 46943
[230.949 228.742 33.4424] 5.12276 3.73525 7.88909 6 46303 46457 46454 46455 51119 51118
[224.46 236.675 33.5202] 6.82995 2.66577 8.97814 7 46469 46466 46472 46465 46470 49707 49708
[193.229 219.078 31.3272] 6.76233 6.49647 28.8691 9 46445 46444 46535 46633 46726 46728 46730 46835 46833
[240.022 222.853 27.4853] 9.98081 7.46313 47.1418 12 46537 46639 46638 46637 46837 46838 46931 47049 47204 47213 47371 47375
[217.871 240.79 29.3362] 6.11398 5.08268 20.5727 6 47121 47122 47117 46873 46969 46976
[212.28 231.405 28.7351] 4.75927 3.82445 11.6088 6 46952 46945 47080 47083 47087 47237
[231.589 243.05 27.0181] 9.34733 6.70263 33.3749 16 47118 47127 46984 46974 46983 47142 47134 47272 47277 47276 51081 51082 51086 51083 51092 51093
[216.649 245.193 28.4464] 4.1226 2.89629 7.35848 5 47137 47147 47155 47296 47461
[233.063 245.566 28.3284] 4.6958 3.1656 6.17603 13 46993 47156 47146 49737 49736 51078 51076 51074 51080 51077 51079 51075 51073
[227.581 232.718 26.6001] 11.6084 7.06242 55.471 17 47397 47408 47407 47401 47406 47410 47402 47403 47516 47520 47527 47519 47526 47532 47637 47766 47764
[212.229 236.034 25.5297] 5.14673 3.39197 10.9029 6 47422 47427 47548 47547 47663 47659
[220.59 226.102 22.3151] 4.95495 4.41911 13.7264 5 47969 47974 47965 47968 47977
[203.62 221.327 20.4992] 6.26812 4.72491 16.0495 6 48182 48186 48183 48185 48368 48547
[230.308 233.31 19.9311] 6.49075 6.35034 28.4467 12 47992 48107 48105 48196 48209 48298 48379 48470 48467 48471 48477 48475
[215.854 234.829 21.2986] 4.57882 4.19435 12.6671 6 48017 48016 48010 48108 48215 48218
[226.755 228.373 16.8636] 18.8983 9.17638 78.8391 17 48097 48189 48188 48280 48288 48555 48560 48556 48671 48672 48678 48680 48679 48692 48706 48702 48707
[218.456 243.175 17.8323] 5.76891 4.71372 10.3476 5 48499 48605 48612 48603 48604
[217.709 240.153 17.5565] 5.97465 4.51593 17.8287 10 48491 48593 48588 48599 48723 48718 48717 48730 48734 48729
[224.894 240.045 17.674] 4.94327 1.62473 19.7178 6 48493 48591 48597 48732 49823 49822
[218.328 249.054 17.6568] 4.97718 4.00552 10.2296 6 48624 48620 48758 48759 48880 48879
[234.113 230.024 13.8118] 9.0384 6.54724 34.6397 10 48697 48701 48796 48799 48841 48842 48843 49045 49095 49096
[222.182 245.227 14.7924] 4.87205 4.3481 14.7188 6 48932 48934 48936 48996 48997 49062
[225.609 234.289 10.9371] 7.83361 5.69025 20.4192 7 49236 49237 49243 49242 49241 49305 49355
[226.376 244.815 15.5466] 3.75272 2.49763 5.9967 8 48860 48859 48867 48862 48868 48931 49693 49692
[226.73 244.718 15.1645] 1.42613 0.779603 0.412612 3 49694 49695 49696
[224.46 236.675 33.5202] 5.55251 3.97526 7.81513 6 46389 46464 46468 46558 49705 49704
[217.358 229.187 17.1706] 7.51216 3.54139 24.4603 7 48460 48685 48682 48688 48694 49807 49806
