[157.26 137.958 334.189] 6.55385 5.53666 28.169 7 2342 2339 2452 2454 2730 2843 2846
[190.228 187.329 315.045] 6.13743 4.15545 17.1932 5 5232 5382 5517 5642 5786
[200.222 75.8118 311.285] 5.71018 4.26772 12.5073 5 6374 6378 6375 6377 6892
[206.467 202.034 296.959] 5.81363 3.16074 10.2425 6 54319 54323 54322 9533 9530 9534
[204.484 203.271 293.462] 7.61472 5.47372 18.8539 6 10529 10521 10525 10528 10669 10668
[149.151 114.656 286.537] 5.95861 5.49345 30.8141 10 11170 11172 11288 11289 11421 11422 11554 11692 11800 11801
[164.432 104.888 285.346] 5.39582 5.30804 10.0083 5 11414 11683 11686 11682 11793
[212.55 213.087 278.886] 8.12945 6.98449 66.6016 22 12557 12558 12559 12616 12618 12620 12617 12615 12086 12085 12087 12084 12173 12174 12172 12273 12274 12349 12423 12422 12424 12491
[245.404 197.72 261.79] 4.0677 3.84228 13.3861 5 13970 13966 14018 14061 14108
[245.542 173.569 258.957] 7.3284 5.19675 20.3688 5 14142 14141 14192 14243 14277
[228.019 201.051 255.433] 5.75536 4.60274 15.8259 6 14673 14754 14444 14449 14447 14522
[87.0997 172.324 236.466] 4.99025 3.90018 13.9036 5 16399 16166 16165 16320 16322
[72.4108 157.214 226.937] 8.84864 8.63014 37.276 6 17205 17208 17279 17277 17278 17343
[262.273 175.707 226.296] 4.45301 4.40436 9.94701 4 17152 17153 17354 17355
[85.6694 161.222 223.7] 8.6005 3.74196 11.8443 4 17508 17509 17504 17505
[269.075 183.389 213.673] 7.0592 4.60336 18.6861 6 18762 18919 18916 18915 19054 19046
[131.102 218.106 199.33] 9.39882 4.996 26.2681 6 21815 22064 22562 22572 23035 23040
[263.697 179.361 200.002] 7.65634 5.18551 19.5075 6 22416 22418 22658 22890 23378 23377
[254.674 189.03 191.952] 6.62785 2.84626 10.9571 5 24246 24244 24695 25160 25426
[86.4882 179.984 181.675] 3.87169 2.91383 7.24916 4 27558 27815 27816 28318
[76.1292 140.757 176.781] 8.8456 8.37668 46.743 9 28494 28750 28751 28997 28991 28995 29254 29253 29257
[173.085 231.997 175.366] 4.18142 2.89491 9.66205 5 29912 29908 29907 29906 30157
[127.605 232.006 175.534] 6.57057 4.76797 18.984 5 29215 29439 29916 30155 30465
[74.4784 152.581 171.96] 2.31903 0.490114 1.33292 4 53276 53274 31155 31149
[106.435 210.987 168.507] 7.09121 3.40051 11.474 5 31901 32191 32753 32762 33033
[91.6997 214.395 158.713] 6.41026 3.1364 8.70109 4 35330 35347 35507 35511
[73.0419 180.757 148.259] 7.78708 5.28441 22.0636 5 37896 37902 38103 38104 38319
[265.266 209.286 146.451] 7.91741 4.12144 19.8674 6 37956 37951 38156 38350 38348 38357
[71.0683 132.144 145.665] 4.51326 4.47218 11.3522 5 38273 38457 38464 38816 38815
[65.1721 131.644 145.974] 5.91308 2.73002 9.38168 5 38274 38459 38460 38465 38655
[257.154 234.184 133.69] 5.83216 3.79548 10.8699 4 40917 40919 41424 41429
[96.3465 147.384 133.599] 7.39119 5.89436 17.3484 5 40603 40786 41157 41483 41484
[81.8429 144.964 133.095] 8.41249 6.07414 36.1694 10 40973 41151 41154 41160 41296 41482 41485 41481 41655 41857
[88.4492 164.238 130.921] 8.95311 4.76292 19.5592 6 42250 42406 41504 41677 41878 41879
[257.65 184.314 131.687] 5.92861 3.2534 11.1295 5 42091 41717 41728 41731 41734
[245.351 207.634 124.968] 7.90426 4.28956 18.5262 7 43187 43191 43354 43355 43353 43512 43662
[205.168 235.507 79.8068] 6.61394 6.16726 18.3831 5 49464 49587 49588 49709 49321
[226.555 225.093 62.257] 6.84051 4.81272 17.1523 6 51875 52003 51795 51802 51800 51799
