[175.945 119.363 380.873] 7.96961 2.60016 18.4075 10 147 152 153 146 89 108 131 82949 82953 82955
[176.19 129.356 343.859] 8.07583 7.80746 62.2372 27 2382 2374 2375 2380 2377 2378 2376 2381 2379 2389 2392 2387 2383 2384 2391 2429 2427 2431 2433 2480 2485 2482 2490 2537 2541 2595 2643
[170.678 127.888 337.976] 6.41147 4.00571 16.6351 5 2691 2696 2748 2795 2794
[173.518 95.7183 298.805] 5.24568 5.00216 16.0429 5 7055 7231 7404 7405 7408
[256.169 169.046 249.036] 11.882 3.38662 16.0306 5 18055 18294 18323 18317 18563
[60.3827 171.959 247.12] 6.74652 5.67416 23.8216 8 18328 18329 18561 18820 18825 18824 19067 19066
[96.4038 167.947 238.073] 5.99076 3.21109 12.4026 5 21095 21350 21356 21829 22080
[46.6077 137.081 195.236] 6.78758 3.98559 13.6941 6 33002 33003 33300 33295 33296 82529
[162.417 188.813 128.005] 6.47954 3.88119 13.9157 6 53581 53877 53883 53876 53875 53890
[256.962 151.947 96.8395] 6.85441 4.77733 19.7841 5 63054 62811 63051 63281 63283
[220.585 185.989 95.596] 6.85159 6.83213 26.0589 8 63386 63611 63603 63617 63829 64047 64221 64432
[242.869 200.905 78.041] 7.19147 4.81461 24.8915 12 67388 67568 67770 67984 67992 67996 67987 67988 68193 68198 68397 68396
[262.75 162.243 77.836] 6.831 2.46573 11.8618 4 68081 68266 68265 68274
[242.878 204.272 71.5949] 8.24194 4.35405 25.0917 7 69850 69998 70002 70004 70147 70154 70149
[95.4381 195.338 68.8879] 6.77431 4.11991 14.784 5 70430 70297 70425 70427 70422
[225.95 196.268 54.0125] 6.49913 4.71999 16.6567 5 73239 72970 72977 73115 73372
[270.536 187.851 48.3379] 5.47586 3.99978 12.345 5 73623 73746 73747 73887 73891
[246.783 203.528 36.6113] 8.0963 4.41798 18.1206 6 75680 75772 75774 75775 75768 75888
[231.98 202.29 12.1352] 6.49091 4.34919 15.268 5 78059 78057 78061 78125 78250
[270.21 153.754 164.054] 6.28006 2.32956 3.68498 5 42046 42044 80016 80017 80018
