[153.034 86.6907 359.781] 9.92264 6.81366 53.0826 9 95 138 142 193 194 199 196 197 204
[159.98 86.4778 359.502] 6.56178 6.47185 24.8355 5 141 160 157 195 202
[151.968 78.0612 328.016] 12.0027 8.4367 76.5392 18 1306 1307 1323 1311 1308 1312 1318 1319 1310 1322 1419 1429 1428 1536 1609 1605 1607 1619
[152.856 71.3273 316.869] 9.4276 3.98128 31.0151 10 2275 2414 2420 2421 2422 2417 2436 2426 2429 2433
[152.224 68.184 316.37] 10.9514 6.36225 63.8153 20 3374 2582 2583 2597 2598 2590 2587 2588 2595 2601 2608 2603 2607 2604 2775 2771 2778 2784 2781 3171
[158.349 74.1667 315.737] 9.81762 5.69034 25.2713 7 3392 2611 2606 2785 2792 2964 3188
[161.736 64.0097 306.869] 6.54295 2.17823 8.47762 6 4729 48681 48682 48685 48684 4516
[157.816 54.1678 289.411] 12.9166 7.59387 121.034 38 7526 7527 7718 7725 7726 8119 8118 8117 8313 8491 8490 8489 8495 8492 8678 8679 8680 8682 8684 8867 8884 8872 8876 8880 8881 8874 48714 48716 48713 48712 48710 48715 7329 7327 7338 7331 7332 7339
[159.958 60.1852 286.052] 8.05797 3.39477 15.9276 5 8885 8883 8882 8879 48725
[144.216 211.293 240.778] 6.84264 3.46883 16.7129 6 11721 11822 11821 11819 11920 11919
[136.122 194.553 234.596] 7.20115 6.75956 28.3503 6 12738 12740 12741 12747 12373 12560
[255.071 179.388 230.654] 9.24474 6.12651 31.3473 10 13061 13067 13070 13218 13219 13220 12684 12882 13401 13616
[107.521 215.971 219.086] 8.39701 7.0173 30.7702 8 16206 15392 15393 15647 15655 15910 15913 15906
[63.2941 149.199 216.984] 5.31037 3.05286 5.98847 4 16579 16319 16312 16320
[85.0588 172.516 202.388] 13.7399 3.99806 22.4444 6 20313 20316 20574 20582 20581 20588
[69.9134 149.819 199.811] 9.9461 6.15621 28.1652 7 21403 21400 21161 21159 21162 21160 21163
[109.524 187.725 198.754] 7.42054 5.88839 19.3182 6 21675 21885 22099 21461 21228 21233
[66.5517 144.967 197.79] 5.52695 5.44477 15.7357 6 21816 21814 21609 21611 21603 21604
[145.075 242.147 187.905] 4.06432 3.86675 9.14667 5 24673 24370 24371 24373 24374
[249.294 144.119 187.279] 7.5174 4.29852 24.8703 7 24432 24440 24441 24728 25017 25023 24077
[234.449 197.227 165.881] 6.51854 5.27523 19.2929 6 30261 30605 30610 30614 29972 29967
[170.377 204.691 161.883] 6.36786 5.08392 22.6005 7 30908 31153 31154 31160 31161 31157 31397
[179.329 237.531 151.796] 6.7531 5.91514 20.8671 7 33651 33652 33056 33251 33450 33452 33461
[57.6173 187.458 131.168] 5.30877 4.17527 17.7153 6 37584 37791 37792 37803 37805 38017
[98.4979 182.359 86.7528] 5.19391 3.85131 14.0415 5 45146 45145 44999 45001 45000
[100.371 192.915 84.5616] 5.11032 4.21719 16.5954 6 45271 45396 45405 45401 45532 45537
[93.8382 195.957 82.9905] 5.50575 4.47348 11.6249 5 45548 45552 45554 45643 45644
[183.971 237.318 56.8616] 7.23775 3.69693 14.8848 5 47278 47282 47356 47529 47526
[207.925 220.986 50.0356] 5.84387 4.26077 16.7522 5 47706 47761 47767 47805 47809
[53.1097 196.032 208.22] 0.992838 0.0279422 1.89223 5 48521 48520 48522 48524 48523
