[191.437 206.532 327.45] 9.93038 8.7767 97.4541 22 638 639 663 662 664 689 688 690 682 691 732 736 740 742 744 787 785 789 788 791 790 786
[208.553 207.616 318.451] 6.46594 4.21215 18.0391 5 1387 1441 1443 1442 1444
[178.881 201.942 268.582] 9.73233 5.49172 33.9408 6 3984 3989 3990 4045 4099 4149
[122.039 297.135 243.057] 6.57221 5.2031 22.6573 6 6345 6346 6347 6479 6617 6623
[173.407 232.803 239.829] 5.4141 4.85813 17.5587 5 6710 6709 7079 7080 7242
[143.665 310.612 229.333] 8.54492 5.35881 20.5044 6 8853 8859 9317 50805 50802 50806
[163.163 236.173 212.233] 6.47891 6.02069 19.8295 6 11480 11562 11633 11636 11635 11735
[188.203 265.855 126.97] 8.24611 5.66285 25.825 5 25147 25141 25460 25608 25760
[121.304 238.104 95.8486] 5.40497 3.97337 18.2518 5 33518 33517 33777 34279 34280
[314.363 154.761 92.3058] 4.6212 3.34731 6.60003 4 34732 34731 34989 34990
[138.428 243.506 86.246] 5.09198 3.97678 15.3585 5 36546 36802 37287 37062 37063
[308.302 166.432 82.2559] 6.39939 3.64148 17.7136 9 37926 37927 37928 38156 38160 38159 38155 38373 38372
[134.791 228.1 99.1695] 3.83643 2.98366 3.81109 6 32562 32563 32556 32565 49594 49593
[340.848 200.688 95.0131] 6.02307 1.63948 4.93327 5 33975 33971 33974 49598 49600
[141.663 234.391 90.8185] 1.36013 0.850425 0.40553 3 49603 49602 49601
[139.863 233.139 90.733] 3.71775 2.29973 5.55168 5 35077 35332 35331 49618 49619
