[222.546 182.171 365.955] 4.70514 2.81687 8.59778 5 1939 1941 1942 2039 2040
[221.824 184.892 361.426] 6.53038 4.42641 18.9128 5 2447 2445 2444 2524 2607
[221.665 191.139 354.749] 12.2883 6.2206 57.4349 12 2859 2858 2997 2992 2995 2996 2994 3085 3083 3082 3084 51845
[229.597 235.097 331.495] 14.8959 11.2982 259.852 51 3797 3794 3798 3793 3795 3796 3859 3860 3861 3863 3864 3982 3983 3984 4058 4059 4060 4066 4068 4067 4135 4136 4205 4203 4206 4209 4207 4362 4370 4361 4363 4366 4439 4442 4836 4522 4524 4601 4603 4598 4673 4674 4675 4767 4838 4926 4930 4925 4923 5016 5017
[241.048 339.119 261.697] 7.35701 4.28954 25.0696 6 13553 13675 13673 13791 13793 13925
[344.347 275.428 241.14] 5.05832 3.50315 8.54804 4 17272 17273 17429 17430
[153.246 252.552 176.418] 5.37586 4.05866 10.5605 5 27186 27187 27189 27491 27497
[122.084 341.337 168.522] 8.91976 3.19281 31.6684 6 28457 28670 29524 29760 30009 30010
[104.959 304.631 144.576] 7.10011 4.91101 29.1716 6 35244 35242 36009 36008 36011 36012
[101.591 310.619 143.831] 9.08409 7.46269 38.7553 7 36297 36295 36296 36559 36558 36557 36835
[354.622 275.136 128.991] 4.97882 3.46041 12.9352 7 40201 40444 40678 41168 52981 52984 52983
[189.685 375.354 125.835] 6.99331 3.93518 18.0465 5 41542 41731 41734 42155 42595
[221.619 196.483 409.862] 10.8225 4.32248 15.9957 5 27 72 51721 51722 51720
