[161.831 134.243 15.8936] 13.9866 11.0907 69.7461 26 131 133 134 135 136 128 132 139 78 74 77 92 93 111 112 109 108 85847 85848 85842 85844 85846 85845 85850 85851 85849
[160.046 133.291 60.6919] 7.7473 5.90965 37.4771 18 3243 3245 3246 3390 3397 3391 3516 3621 3720 3719 81756 81759 81758 81757 81752 81755 81753 81754
[162.61 131.871 59.9069] 4.4156 3.50304 10.314 4 3242 3392 3393 3514
[149.448 157.287 69.4188] 7.65713 3.87338 18.207 6 4405 4406 4404 4485 4555 4554
[171.004 106.946 102.23] 6.07791 5.79828 14.1348 5 8738 8735 8901 9182 9181
[206.436 76.5154 137.099] 6.97436 3.80573 11.1978 6 16959 16957 17141 17137 17135 82083
[64.2664 80.3499 155.916] 8.14433 6.09534 30.3291 8 20508 20513 20677 20831 20835 20843 20836 20839
[77.7958 78.2343 167.918] 6.83658 3.62044 18.6497 5 23398 23635 24101 24569 24561
[86.2601 74.4842 177.346] 6.59477 6.06803 22.2495 8 26101 26316 26318 26317 26489 26488 26667 26666
[254.161 79.4282 181.045] 9.94845 5.0099 28.4351 5 27237 27457 27819 28016 28213
[92.1695 116.977 187.945] 5.79358 4.60777 12.9656 6 28525 28748 28752 29239 29234 29458
[226.34 130.974 207.398] 8.1695 6.71797 25.184 7 33488 33751 33758 34319 34706 34700 34516
[50.3083 114.184 215.005] 6.3949 5.95744 23.1058 10 35634 35633 35640 35809 35810 35811 35802 35805 35806 85472
[249.251 105.432 225.346] 5.25604 5.07138 15.9154 6 38248 38247 38454 38455 38700 38702
[133.832 64.214 238.143] 5.65358 4.99221 17.8964 5 41232 41521 41901 42236 42562
[241.126 70.048 240.741] 6.81057 4.60105 18.0166 8 42891 42887 42897 42898 43261 84500 84499 84497
[259.172 89.0205 242.187] 6.48672 4.85443 17.3949 7 42817 43167 43527 43845 44531 44532 84429
[49.1451 129.614 247.904] 5.91021 3.59484 13.9702 6 45746 45745 45747 46034 46033 85372
[242.457 106.165 247.629] 5.88329 4.82534 18.5537 6 45805 45809 45810 46425 46424 46756
[244.707 117.778 255.256] 6.39015 3.43788 9.99597 4 49367 49368 49373 49642
[242.185 86.7803 265.661] 7.92782 5.65198 19.7692 6 52698 52695 52697 53342 53752 54066
[102.729 87.7937 273.742] 6.34181 5.90008 25.5912 5 56566 56576 56574 56926 56922
[240.408 163.802 287.694] 3.75283 3.25744 7.63109 4 60739 60740 60953 61174
[229.197 177.527 294.278] 5.83749 5.82924 17.0511 9 61960 61959 62160 62571 62976 62974 83564 83565 83566
[44.5617 118.425 305.803] 6.01099 3.4226 8.41137 3 65236 65685 66108
[260.221 167.874 327.837] 6.38514 4.90292 19.7618 7 72114 72115 72338 72598 72599 72600 72597
[80.5196 123.948 332.907] 7.26586 4.02452 19.3238 6 74193 74196 74437 74696 75246 75249
[236.628 116.036 360.473] 4.65149 4.36138 12.8438 5 80860 81029 81035 81269 81268
[239.614 131.438 357.916] 3.61071 0.648688 2.95076 8 80737 80740 80838 83879 83880 83884 83881 83882
