[157.238 119.493 375.417] 16.3117 8.81741 46.9028 24 93 91 113 110 111 115 116 134 161 162 154 166 164 163 167 48455 48453 48459 48460 48452 48457 48454 48451 48458
[161.794 136.555 335.474] 9.67667 8.7186 70.4614 32 1995 1993 1998 2007 2005 2002 1999 2000 2067 2066 2075 2072 2079 2161 2160 2163 2268 2275 2412 48553 48554 48555 48557 48556 48558 48552 48551 48563 48561 48560 48559 48562
[120.801 75.731 318.132] 7.85267 5.00536 28.8136 8 3902 4240 4244 4402 4405 4406 4583 4582
[210.823 64.2744 232.902] 5.69911 3.62308 10.1945 4 13052 13048 13053 13057
[194.654 75.4217 221.203] 5.30186 4.1762 10.6897 4 14986 14981 15149 15151
[184.564 51.9266 211.31] 4.03467 3.41283 15.1656 5 16764 17002 17004 17232 17235
[40.0991 91.7302 211.047] 6.67276 6.37362 19.8723 6 17143 17142 17649 17388 17389 17393
[52.9697 105.209 209.112] 7.70346 5.5178 23.5777 7 17603 17601 18146 17352 17353 18410 18411
[244.23 124.986 207.249] 10.13 6.47759 36.4384 7 17811 17816 17815 18080 18092 18369 18372
[241.204 102.468 204.897] 13.3175 9.91266 73.3357 13 18416 18436 18452 18448 18440 18449 18679 18685 18680 18916 19124 19340 19341
[172.362 43.2151 172.173] 3.64009 3.24522 7.33584 4 28142 28143 27800 27802
[132.431 45.3591 163.793] 5.46314 3.80031 11.3355 4 30671 30672 30687 30677
[276.602 63.5656 150.046] 5.90109 4.55714 18.8573 5 34538 34544 34883 34875 34887
[139.779 54.5797 138.915] 7.6787 4.39265 21.9949 8 37258 37259 37263 37647 37650 37654 36809 36810
[243.105 82.1728 126.988] 7.5109 3.78646 15.6517 5 40032 40274 40272 40520 40516
[269.477 105.89 124.837] 6.81257 3.95856 16.7147 6 40979 40988 40227 40462 40702 40697
[138.73 35.0459 124.992] 7.63173 4.27475 23.8123 6 41445 41660 41661 40888 40889 40371
[157.269 54.0748 116.136] 5.4087 3.41487 8.97255 4 42532 42678 42682 42683
