[192.299 153.013 399.206] 8.73144 8.21112 53.8939 11 226 227 219 217 220 223 214 216 222 215 218
[189.428 157.82 400.427] 4.73959 4.37365 12.0103 5 229 228 156 157 188
[208.519 163.649 350.885] 4.7463 3.37263 22.5285 9 2504 2126 2125 2127 2128 2124 2235 2353 2354
[209.875 209.009 312.496] 9.27389 5.19127 21.4054 7 52293 52299 52300 52296 52298 10350 10348
[255.767 250.838 312.432] 6.60966 6.26605 23.3693 6 10810 10434 10427 10806 10616 10035
[331.221 228.342 222.317] 8.10614 6.22346 25.2253 8 20265 20378 20377 20379 20489 20491 20603 20605
[90.7005 235.318 210.946] 14.9366 8.45723 100.531 28 21706 21714 21793 21796 21884 21879 21971 21199 21202 21200 21201 21308 21304 21325 21406 21403 21415 21517 21518 21509 21514 21515 21519 21520 21616 21619 21618 21626
[83.7431 247.614 203.292] 7.18937 3.61663 13.7685 4 22597 22727 22985 23115
[85.3075 232.59 198.06] 11.7489 6.53449 62.8236 17 22836 22969 23092 23101 23225 23230 23227 23377 23388 23529 23515 23519 23522 23533 23799 23794 23795
[75.231 234.95 193.391] 11.5045 6.60263 64.7539 14 23807 23939 23942 24490 24489 24166 24172 24263 24264 24267 24266 23539 23534 23664
[75.5744 248.651 191.226] 14.1978 9.91177 81.2493 10 24421 24511 24597 24605 24604 24695 24705 24696 24698 24713
[118.977 260.102 187.337] 10.6577 9.02038 35.1135 6 25125 25268 25401 25541 25536 25672
[99.7446 248.165 133.702] 7.01934 5.4795 18.8731 8 36446 36661 36874 37123 54519 54524 54523 54522
[130.001 266.062 146.082] 5.83318 2.30538 10.3228 6 51790 51789 33467 33709 33714 33715
[243.488 226.154 340.6] 3.68008 2.4127 7.36122 6 3871 3875 3872 4012 51795 51797
[306.696 233.831 239.811] 4.88055 1.99783 3.09934 5 53099 53100 53098 53101 18437
