[154.289 132.371 18.092] 5.77297 4.64116 13.3433 5 268 322 327 347 344
[151.566 131.646 24.3484] 10.4227 9.63317 59.9232 19 498 495 497 501 493 504 503 506 510 507 505 512 508 454 450 442 50413 50414 50416
[142.47 121.103 42.4824] 7.17315 5.78947 136.837 41 1513 1510 1507 1516 1415 1418 1421 1417 1419 1423 1426 1416 1425 1414 1429 1599 1591 1589 1590 1592 1666 1665 1668 1667 1744 1743 1742 1741 1752 1750 1747 1748 1808 1813 1823 1812 1816 1818 1814 1822 1828
[151.372 161.957 75.8947] 6.95724 5.99295 23.4356 8 4260 4262 4528 50625 50626 50628 50631 50630
[143.754 160.438 78.5946] 6.0367 3.58036 11.7875 6 4937 4936 4940 4944 4945 4947
[148.755 161.869 79.6539] 4.91151 4.57319 13.1305 7 4779 4925 4928 5071 5077 5070 5204
[214.088 49.4293 112.813] 9.17949 5.0718 23.2563 8 11257 11400 11406 11399 11401 11407 11538 11539
[203.827 47.9857 123.691] 10.7514 7.39293 77.1832 22 12867 12863 13040 13181 13185 13186 13182 13191 13190 13336 13333 13337 13499 13502 12361 12360 12509 12516 12512 12514 12684 12679
[216.491 58.2474 121.822] 7.31884 5.2554 20.6812 7 12855 12856 13021 13022 13175 13178 13320
[216.588 52.9102 125.866] 7.55095 5.58015 34.7457 11 13033 13184 13183 13327 13495 13633 13770 13768 13774 13906 13908
[222.638 103.573 152.242] 7.19591 6.40194 22.2305 11 18399 18391 18392 18404 18407 18532 51521 51520 51527 51525 51526
[75.6396 91.9232 178.602] 9.41076 7.05045 52.7997 17 21660 21807 21809 21811 21810 22056 22191 22192 22186 22187 22334 22335 22470 22474 22592 22715 22722
[80.2329 91.8668 173.044] 6.79388 6.22502 30.4281 8 21525 21524 21658 21657 21930 22055 22052 21391
[87.9313 96.8473 177.681] 5.36247 5.14125 18.9846 6 22177 22178 22319 22462 22580 22581
[224.782 127.174 187.77] 6.40239 3.60897 13.6771 6 23830 23831 23965 24085 24358 51651
[56.6774 135.341 196.586] 4.34197 3.67669 8.79572 5 25322 25332 25326 25463 25471
[135.349 66.9776 230.342] 5.56743 4.35323 12.6163 5 29832 29840 29833 29563 29565
[42.4029 131.803 234.588] 6.19309 2.44204 10.6922 5 30366 30368 30371 30489 30488
[43.3612 149.984 248.333] 4.97519 4.84791 14.4387 5 32697 32704 32703 32867 32873
[221.499 154.143 314.558] 5.11172 2.83818 9.52066 5 44931 44934 44986 44987 44982
[179.457 123.992 92.3849] 8.10816 0.000557492 6.61915 5 7545 51039 51038 51036 51040
[223.913 90.4257 149.278] 5.66235 5.22471 9.45114 11 17540 17677 17810 17815 51487 51485 51484 51486 51488 51482 51483
