[239.793 145.825 379.06] 10.3053 8.19241 51.8671 9 129 127 125 107 109 110 34748 34745 34749
[239.516 143.57 327.061] 4.77453 3.80169 11.7146 4 1506 1508 1509 1559
[273.047 276.817 241.505] 11.4717 5.71699 28.8485 7 10736 10865 10985 11273 11272 35225 35224
[138.45 249.82 226.213] 14.0135 8.93278 50.0318 14 12322 12324 12326 12403 12408 12484 12565 12718 36998 36996 37003 36999 37002 37001
[137.517 251.524 224.544] 8.1728 7.66959 43.7284 17 12642 12719 12790 12845 12903 12950 13005 13004 13050 36991 36993 36994 36988 36990 36992 36997 36995
[127.435 231.902 218.575] 8.62355 3.54902 30.6571 10 13170 13040 13038 13039 13087 13086 13122 13126 13123 13127
[125.455 237.654 214.107] 11.1423 9.35223 64.3197 17 13171 13172 13042 13041 13129 13209 13259 13256 13258 13260 13314 13316 13320 13379 13428 13427 13430
[128.076 227.684 215.131] 3.91595 3.09895 9.90861 4 13165 13208 13245 13305
[124.897 242.862 209.663] 9.74343 5.79219 32.308 7 13556 13560 13557 13655 36957 36954 36956
[154.082 279.805 152.852] 7.99349 5.97401 35.515 9 21849 21850 21853 22077 36527 36530 36528 36533 36532
[129.507 264.742 143.649] 9.39842 6.37768 25.9438 5 22908 23010 23009 23204 23203
[164.126 266.659 134.556] 8.507 4.80692 20.3215 7 23976 24059 24057 24058 36568 36567 36569
[224.356 301.768 125.265] 4.62001 4.4011 14.6051 5 25028 25027 25116 25274 25360
[342.251 224.453 111.572] 8.05784 5.34947 22.4565 5 26640 26641 26643 26884 26882
[282.842 313.09 107.06] 7.16089 5.04262 15.6764 4 27182 27569 27447 27450
[274.415 290.07 88.0716] 8.00488 4.44545 20.9758 7 29722 29804 29908 30017 30223 30227 36121
[133.906 252.371 218.85] 5.26443 4.88167 12.4995 8 13051 13094 13137 36985 36986 36989 36984 36987
