[158.036 91.3002 394.363] 5.80836 2.98885 7.56221 7 69 112 49636 49637 49630 49633 49632
[151.507 90.6709 393.899] 6.19661 3.25911 7.50074 3 138 139 92
[153.234 96.2683 393.608] 8.37249 7.03655 31.3785 7 143 144 149 147 150 146 148
[153.43 113.36 372.938] 9.93234 7.17244 59.5295 22 468 474 475 473 472 469 514 509 508 512 547 548 583 581 586 587 616 618 614 635 697 696
[154.576 99.1879 378.646] 4.77027 3.24047 11.4975 5 440 439 437 491 528
[157.33 107.9 371.91] 7.80467 5.83077 28.7152 10 644 648 671 668 675 685 677 676 688 681
[158.612 110.016 373.605] 4.55285 3.73182 9.74601 5 613 633 652 654 684
[152.851 112.591 361.411] 8.58026 5.89284 38.8742 15 851 853 854 852 882 918 945 948 975 974 976 972 1002 1001 1008
[158.605 81.1339 339.433] 8.22232 4.28226 26.0714 10 1738 1736 1735 1741 1800 1857 1861 1860 1962 2004
[144.373 68.805 327.889] 4.6994 2.98704 10.3205 5 2540 2545 2637 2782 2784
[151.436 81.704 328.54] 5.72788 5.19752 17.7141 8 2379 2478 2650 2723 46921 46916 46920 46922
[154.196 75.6379 325.963] 5.06319 3.9669 13.6183 6 2716 2714 2789 2871 2872 2878
[143.831 77.1828 323.769] 5.91618 4.61244 15.3466 6 2873 2877 2879 3036 3209 3210
[149.314 68.1997 315.472] 6.88553 3.2917 13.2548 6 4056 4057 4050 4184 4182 4298
[156.123 72.7228 309.349] 6.85529 4.81354 15.526 6 4698 4804 4801 4800 4994 5100
[142.406 70.2503 301.246] 4.42099 2.74722 9.20422 5 6015 6019 6017 6148 6149
[146.252 77.4993 301.091] 4.33685 3.98715 9.86946 4 5789 6024 6151 6278
[144.315 66.9276 299.157] 9.84608 5.90087 38.2717 11 5776 5915 6145 6142 6140 6261 6262 6260 6263 6268 6265
[147.913 89.7396 297.666] 7.90267 5.94006 29.8391 11 6301 6302 6453 6455 6585 6586 6584 6719 6721 47035 47038
[149.744 73.5382 295.894] 4.78699 4.30898 15.5256 6 6979 6987 6984 7273 7274 7425
[234.913 166.488 282.54] 7.17973 3.94714 19.3498 6 8797 8796 9046 9375 9559 9740
[228.682 172.106 273.727] 14.8084 10.6965 124.376 38 9209 9212 9381 9380 9564 9563 9941 9940 9939 10082 10083 10254 10255 10257 10408 10414 10407 10589 10588 10593 10597 10598 10748 10758 10921 10922 10923 10910 10924 10918 10912 10919 11068 11064 11083 11074 11082 11073
[98.1347 176.528 233.707] 7.04499 3.7667 11.9428 5 17385 17386 17381 17489 17488
[78.4444 190.255 229.843] 6.94994 5.93374 22.823 7 17884 18037 18042 18045 18046 18205 18212
[96.5551 192.199 226.886] 5.94789 4.21987 17.6823 6 18565 18563 18572 18564 18760 18758
[164.126 235.185 150.27] 5.13065 2.98337 10.419 6 30765 30942 30946 30943 30947 31104
[95.7917 211.869 145.294] 7.05373 3.27947 16.4651 6 31617 31622 31753 31756 31764 31765
[161.928 230.761 144.655] 5.51459 5.41992 14.6173 8 31959 31960 31957 31958 48742 48744 48746 48745
[164.323 233.987 143.856] 6.05953 2.88399 12.2156 5 32155 32156 32157 32159 32307
[162.583 231.665 139.398] 3.79655 3.78049 9.82304 5 32713 32917 32913 32919 32914
[231.999 204.539 123.289] 6.61298 2.97058 9.923 6 35506 35668 35830 35981 35977 48411
[166.486 215.863 118.263] 4.35772 2.86133 7.11546 5 36750 36940 36937 37129 37301
[168.89 226.376 110.119] 4.66424 2.80995 8.61757 5 38652 38660 38797 38805 48850
[265.052 158.104 49.8418] 4.71236 3.92153 14.0053 5 46206 46203 46044 46100 46158
[164.097 227.052 121.876] 9.00091 3.34264 5.64173 5 36244 36243 48816 48815 48818
