[203.858 205.008 396.852] 10.5882 8.62857 43.4428 6 154 163 158 156 160 164
[205.26 199.814 397.291] 6.86798 5.11218 21.3521 5 103 104 105 132 166
[191.49 201.063 351.583] 12.0887 7.3697 53.4122 17 45745 45744 2467 2471 2345 2346 2344 2360 2353 2352 2349 2359 2362 2350 2363 2364 2366
[191.807 209.361 351.525] 9.28343 8.47422 61.1156 11 2457 2455 2458 2462 2461 2464 2460 2463 2459 2338 2339
[191.309 222.776 319.612] 8.55054 6.09732 25.5243 7 6270 6431 5585 5731 5732 5862 46056
[298.497 152.51 194.835] 10.5796 6.8976 51.2101 12 16635 16633 16636 16746 16751 16752 16858 16982 16985 16984 16986 16981
[323.99 183.274 187.81] 7.20786 5.97709 28.0136 5 17417 17419 17523 17660 17921
[330.776 164.842 186.759] 5.88544 5.02215 18.8605 5 17811 18182 17941 18074 18073
[315.777 163.362 180.436] 7.04178 4.76682 16.7919 4 18613 18623 18835 18837
[304.565 140.491 164.166] 6.88943 4.54039 21.7996 6 20893 20894 20891 21011 21106 21201
[300.759 176.207 127.335] 7.36147 3.82125 18.4317 5 29205 29204 29429 28459 28945
[213.876 126.213 124.454] 10.553 7.29348 58.4254 11 29301 29541 29774 29781 30022 30030 30494 30498 30497 29044 29047
[281.319 206.371 118.831] 9.60562 6.10877 32.1053 6 30810 31071 31840 32115 32118 32365
[214.86 124.119 108.182] 6.07781 4.88936 16.3326 8 35118 35119 35117 35677 35935 35936 48587 48588
[91.926 149.821 94.0093] 7.93499 4.89178 27.6 6 38984 38975 38987 39108 38809 38818
[111.37 137.285 78.3161] 8.36559 6.38909 27.4015 6 40845 40982 41136 41139 41313 41624
[163.116 136.377 77.6781] 8.3013 5.37157 20.4909 7 41321 41322 48382 48375 48381 48378 48380
[57.9211 212.742 64.8287] 11.3638 4.67479 42.0405 8 43120 43121 43234 43237 43238 45778 45776 45777
[187.638 205.495 349.962] 5.18681 3.22705 9.46721 8 45875 45878 45877 45876 45879 2645 2824 2825
[83.7765 219.97 172.932] 3.40284 1.83196 3.74903 5 19834 19577 47261 47264 47262
[159.746 137.375 74.3131] 4.36968 1.9798 3.73606 5 42000 48368 48370 48369 48371
[216.17 128.724 122.556] 5.55923 3.4311 8.15134 5 30251 48619 48615 48617 48618
