[181.344 185.367 34.832] 9.81104 7.98803 43.6885 13 170 141 140 198 242 243 64404 64409 64408 64406 64407 64410 125
[189.872 176.856 78.3329] 10.4858 9.70022 83.9039 31 3115 3125 3251 2774 2894 2898 2892 2901 2997 3012 3003 2998 2643 2633 2641 2642 2636 2639 2635 2637 2640 2634 2638 2648 2660 2647 2649 2659 2654 2669 2670
[185.084 178.237 95.3868] 8.9824 5.36047 25.4563 6 5870 6197 6344 6349 5865 5864
[193.668 177.002 95.7422] 10.0982 8.12976 50.1106 15 6036 6199 6195 6194 6339 6337 6336 6340 6335 6338 6348 6342 6351 6353 5699
[168.829 226.463 95.7452] 9.75058 6.2138 13.9737 8 6074 6073 6571 6730 61498 61501 61502 61500
[138.823 227.479 100.138] 6.93974 3.8331 14.024 5 7546 7542 7750 7974 7971
[156.137 272.337 101.412] 8.38707 2.97789 10.8305 7 7661 7654 7655 7870 7875 7876 61752
[193.368 180.441 106.992] 8.12345 3.82408 89.661 27 9096 9091 9094 9093 9308 9305 9323 9320 9313 9310 9315 8614 8617 8623 8609 8615 8613 8610 8626 8631 8625 8628 8627 8859 8854 8865 8864
[194.39 174.526 106.192] 5.08308 2.8814 11.4494 4 9306 8611 8857 8853
[195.732 167.82 112.263] 6.99293 5.55492 20.3538 5 10748 10750 10941 10940 11153
[200.431 224.15 125.13] 5.89179 4.07328 15.3356 5 13914 13916 13727 13537 13540
[96.1463 267.601 129.513] 8.13506 3.94917 21.1835 5 14850 14853 14863 14859 14857
[83.9345 265.548 128.969] 7.25143 6.63184 36.5892 18 62082 62080 62081 62084 62088 62087 62092 62083 62091 62089 15455 15454 14718 14713 14845 14849 15146 15300
[197.733 233.262 146.087] 6.95532 5.23027 18.5451 5 17799 17878 17958 17709 17710
[84.7116 264.44 152.349] 7.74967 5.10382 19.2545 6 18436 18434 18444 18440 18623 18730
[58.6969 201.384 175.323] 5.73485 3.28571 12.0491 5 19948 19946 19945 19947 19998
[239.047 255.09 205.223] 11.7768 10.4881 77.3333 14 23537 23550 23543 23549 23710 23716 23714 23381 23372 23376 23375 23378 23385 23386
[240.536 257.456 209.465] 9.92061 8.25149 52.5534 14 23924 23923 23926 23925 24091 24093 24266 24269 24429 24430 24616 24619 24777 24778
[56.4968 193.488 208.59] 8.92538 6.02644 27.6625 8 62552 62553 62549 62554 24145 24147 23267 23269
[71.2772 186.291 211.94] 5.21311 3.73888 13.6135 6 62500 24654 24648 24650 24646 24651
[90.105 188.509 213.758] 5.56841 4.55915 15.6071 5 24940 24939 25078 25365 24811
[33.5945 215.238 230.829] 5.03424 4.95886 15.7975 6 28915 27773 28035 28033 28587 28594
[280.041 251.385 233.064] 7.65898 6.73126 30.7537 9 28998 28991 28646 28652 28654 28658 29291 29295 64148
[281.925 242.466 239.822] 7.47113 5.07392 21.8533 7 31274 31282 31776 31779 31784 31005 64110
[273.297 243.354 252.837] 6.75397 5.16371 20.4525 5 35981 35980 36564 36563 36844
[251.652 213.868 269.773] 4.13631 3.00812 6.90173 3 42675 42677 42681
[197.789 254.192 272.037] 6.45488 5.21759 13.9386 5 44501 43644 43655 44079 44091
[54.7875 260.986 274.531] 6.21749 4.64387 12.334 6 44907 44900 44903 44904 44899 45246
[207.358 243.746 273.929] 7.02519 4.56259 19.2924 5 44834 45194 45544 45874 44477
[62.1376 157.994 278.941] 5.53443 4.00194 12.0958 4 46362 46365 46666 46661
[46.9107 180.878 287.437] 10.7558 7.93605 62.6955 12 48662 48669 48665 48667 48666 48671 48663 48925 48921 48926 49097 49098
[283.227 208.101 295.341] 9.15463 4.8705 36.7339 10 50499 50500 50511 50505 50862 50869 51168 51176 51516 51511
[280.106 198.788 307.128] 6.70714 5.00437 17.0829 6 53148 53151 53301 53304 53302 53310
[45.7832 215.462 311.928] 8.88389 4.76053 18.4712 4 54210 54216 54215 54218
[45.8723 213.855 312.064] 7.39767 7.28588 33.7591 7 54360 54359 54362 54365 54526 54530 62992
[43.7523 237.924 330.444] 7.36978 3.62736 18.5564 7 57148 57149 57153 57237 57241 57323 57325
[58.7904 198.737 179.068] 1.25984 0.394415 0.986993 4 20219 20217 60904 60903
