[221.539 135.891 341.292] 6.06336 4.80413 17.271 5 1852 1933 1936 1931 2244
[219.169 128.233 335.657] 7.66678 7.62488 42.748 9 2871 2872 2427 2429 2516 2524 2519 2525 2612
[210.349 137.52 333.56] 9.26562 6.09404 52.515 13 3032 3030 2738 2744 2743 2891 2887 2883 2893 3176 3178 2624 2625
[267.39 270.71 301.885] 6.88292 3.3912 11.2774 6 52053 52051 52052 9672 9873 10088
[181.645 267.239 234.696] 11.0552 6.71742 55.5082 11 17575 17701 17694 17695 17813 17814 17809 17922 18024 18019 18209
[302.299 209.912 232.672] 3.94959 3.23048 11.5829 5 18068 18067 18154 18157 18243
[299.112 210.75 231.347] 5.48479 5.13575 16.9527 6 18160 18159 18244 18353 18433 18435
[180.122 248.504 229.836] 8.31665 5.26216 22.8208 8 18575 18671 18676 18187 18284 18384 18472 18474
[183.006 257.521 228.311] 10.4725 8.14102 45.3838 14 54564 18584 18588 18687 18786 18884 18883 18485 18484 18200 18298 18299 18393 18394
[226.021 282.622 163.935] 9.2752 4.93203 29.5256 7 53797 28091 28097 28092 28710 28904 27907
[221.089 250.704 153.407] 6.33377 4.39569 15.5553 4 30234 30423 30824 31014
[186.848 293.171 128.804] 7.77397 5.30842 20.823 6 35385 35500 35610 35742 35748 35277
[297.907 235.573 125.11] 6.74863 6.09456 22.7994 6 35782 35944 35946 35938 36104 36106
[149.296 281.539 83.1195] 7.73237 3.6453 13.4585 6 54087 43721 43720 43887 43880 44002
[235.222 280.854 78.6531] 8.37674 6.84635 25.3533 8 44563 44564 44566 44648 44646 53367 44461 44460
[228.732 275.798 68.522] 8.65456 5.14097 27.064 8 45798 45800 45804 53340 53341 46011 46006 46004
[251.43 281.336 45.6094] 6.17248 4.96681 19.1831 5 48292 48289 48294 48375 48471
[303.936 224.855 41.3716] 7.42084 4.87843 25.1939 7 48776 48777 48874 48875 48959 49096 49094
